<?xml version="1.0" encoding="UTF-8"?>
<svg version="1.1" xmlns="http://www.w3.org/2000/svg" width="196" height="50">
<path d="M0 0 C64.68 0 129.36 0 196 0 C196 16.5 196 33 196 50 C131.32 50 66.64 50 0 50 C0 33.5 0 17 0 0 Z " fill="#FDFDFD" transform="translate(0,0)"/>
<path d="M0 0 C2.97 0 5.94 0 9 0 C9.66 3.3 10.32 6.6 11 10 C11.99 6.7 12.98 3.4 14 0 C16.64 0 19.28 0 22 0 C22.99 3.3 23.98 6.6 25 10 C25.66 6.7 26.32 3.4 27 0 C29.64 0 32.28 0 35 0 C33.77409993 8.13420754 32.1142355 16.05047454 30 24 C27.03 24 24.06 24 21 24 C20.01 20.04 19.02 16.08 18 12 C17.01 15.96 16.02 19.92 15 24 C12.03 24 9.06 24 6 24 C3.63837956 16.04386124 1.4851 8.16805001 0 0 Z " fill="#040404" transform="translate(7,13)"/>
<path d="M0 0 C2.71588535 2.33867905 3.85660573 3.56981718 5 7 C5.25029686 11.50534346 5.2536247 15.02932791 3 19 C-0.44926564 22.76283524 -3.7024121 23.8079534 -8.6484375 24.171875 C-12.59476537 23.88343908 -15.83694541 22.33626094 -19 20 C-22.11266915 15.33099627 -21.59836278 10.46652417 -21 5 C-19.20622926 1.67820234 -17.91780764 0.52091785 -14.6875 -1.3125 C-9.46338528 -2.64890144 -4.78363722 -2.58574985 0 0 Z " fill="#060606" transform="translate(154,14)"/>
<path d="M0 0 C2.9375 1 2.9375 1 5 2 C5.66 1.34 6.32 0.68 7 0 C14.19308357 -0.57087965 14.19308357 -0.57087965 16.72265625 1.21875 C19.23674609 4.72463674 18.66806942 8.90165104 18 13 C16.33658045 15.65107491 15.25817666 17.01001534 13 19 C11.95392578 19.94939453 11.95392578 19.94939453 10.88671875 20.91796875 C8.94839592 22.64283507 6.98788997 24.33273744 5 26 C1.41662135 24.44164696 -1.21218109 22.27425709 -4.125 19.6875 C-4.99382812 18.92824219 -5.86265625 18.16898438 -6.7578125 17.38671875 C-9.06580111 14.92995735 -10.09468679 13.22291501 -11 10 C-10.82420994 6.60139225 -10.595575 4.0257125 -8.875 1.0625 C-5.87989618 -0.6347255 -3.37261754 -0.29074289 0 0 Z " fill="#FE0503" transform="translate(83,12)"/>
<path d="M0 0 C2.536875 -0.061875 5.07375 -0.12375 7.6875 -0.1875 C8.47729248 -0.21481201 9.26708496 -0.24212402 10.08081055 -0.27026367 C14.61476924 -0.32357739 17.43712454 0.16424198 21 3 C24.10542508 7.65813763 23.74307763 12.54831164 23 18 C20.78436838 20.97361086 19.26080415 22.36959793 16 24 C13.28024285 24.07187519 10.59325368 24.0927862 7.875 24.0625 C5.27625 24.041875 2.6775 24.02125 0 24 C0 16.08 0 8.16 0 0 Z " fill="#040404" transform="translate(106,13)"/>
<path d="M0 0 C6.93 0 13.86 0 21 0 C21 1.98 21 3.96 21 6 C16.71 6 12.42 6 8 6 C8 6.99 8 7.98 8 9 C11.63 9 15.26 9 19 9 C19 10.98 19 12.96 19 15 C15.37 15 11.74 15 8 15 C8 15.99 8 16.98 8 18 C12.29 18 16.58 18 21 18 C21 19.98 21 21.96 21 24 C14.07 24 7.14 24 0 24 C0 16.08 0 8.16 0 0 Z " fill="#070707" transform="translate(45,13)"/>
<path d="M0 0 C3.125 2.25 3.125 2.25 5 5 C5.3125 7.8125 5.3125 7.8125 5 10 C2.69 10 0.38 10 -2 10 C-2.66 8.68 -3.32 7.36 -4 6 C-5.98 6 -7.96 6 -10 6 C-10 9.96 -10 13.92 -10 18 C-6.535 17.505 -6.535 17.505 -3 17 C-2.67 16.01 -2.34 15.02 -2 14 C0.31 14 2.62 14 5 14 C4.52083333 20.34895833 4.52083333 20.34895833 2.5 22.875 C-2.45516968 25.10482636 -7.68945828 25.79812962 -12.875 23.9375 C-16.63996554 21.60322136 -17.65271702 20.2003528 -19 16 C-19.75590554 10.66607497 -19.14698243 6.51067481 -16 2 C-11.00044824 -1.78014889 -5.84765099 -1.59569844 0 0 Z " fill="#060606" transform="translate(181,13)"/>
<path d="M0 0 C2.5625 0.3125 2.5625 0.3125 4.375 1.3125 C6.27420889 4.51116761 6.23865404 7.69883229 5.5625 11.3125 C3.875 13.375 3.875 13.375 1.5625 14.3125 C-2.84775641 13.90224359 -2.84775641 13.90224359 -4.4375 12.3125 C-4.5620486 10.67019636 -4.61318524 9.02197724 -4.625 7.375 C-4.63917969 6.47910156 -4.65335938 5.58320313 -4.66796875 4.66015625 C-4.33688463 1.28758753 -3.33137568 0.42709945 0 0 Z " fill="#F9F9F9" transform="translate(145.4375,17.6875)"/>
<path d="M0 0 C1.98 0 3.96 0 6 0 C7 1 7 1 7.09765625 3.28515625 C7.08605469 4.20167969 7.07445313 5.11820313 7.0625 6.0625 C7.05347656 6.98160156 7.04445313 7.90070312 7.03515625 8.84765625 C7.02355469 9.55792969 7.01195313 10.26820312 7 11 C4.69 11.33 2.38 11.66 0 12 C0 8.04 0 4.08 0 0 Z " fill="#FCFCFC" transform="translate(114,19)"/>
</svg>
